0.751, 1.017, 0.906
0.780, 1.065, 0.791
0.762, 0.970, 0.877
0.801, 0.855, 0.774
0.797, 0.978, 0.697
0.880, 1.022, 0.480
0.898, 1.110, 0.476
0.851, 0.974, 0.557
0.949, 0.700, 0.397
0.916, 0.634, 0.352
0.913, 0.671, 0.076
0.791, 1.132, -0.158
0.713, 1.353, -0.268
0.749, 1.268, -0.265
0.695, 1.070, -0.027
0.670, 0.984, -0.033
0.607, 1.414, -0.226
0.599, 1.477, -0.423
0.575, 1.221, -0.176
0.572, 1.117, -0.082
0.412, 1.196, -0.330
0.446, 1.005, -0.562
0.499, 0.888, -0.610
0.336, 1.196, -0.826
0.227, 1.279, -1.192
0.235, 1.239, -1.457
0.184, 1.087, -1.366
0.172, 0.854, -1.206
0.212, 0.959, -1.195
0.208, 1.314, -1.371
0.253, 1.193, -1.165
0.233, 1.000, -1.109
0.227, 1.410, -0.803
0.200, 1.756, -1.015
0.320, 1.418, -1.279
0.342, 0.553, -0.990
0.508, 0.847, -1.062
0.602, 1.134, -0.688
0.654, 0.743, -0.246
0.759, 0.568, -0.223
0.902, 0.308, -0.205
0.994, 0.385, -0.341
1.091, 0.221, -0.118
1.058, 0.392, -0.083
1.228, 0.165, 0.091
1.259, 0.097, 0.140
1.286, 0.114, 0.196
1.259, 0.004, 0.154
1.446, -0.087, 0.102
1.323, 0.030, 0.187
1.423, 0.218, 0.213
1.330, 0.289, 0.233
1.315, 0.046, 0.240
1.315, -0.231, 0.271
1.343, -0.228, 0.230
1.233, -0.180, 0.079
1.181, -0.161, -0.130
1.189, -0.136, -0.440
1.204, -0.267, -0.668
1.230, -0.277, -0.847
1.241, -0.134, -0.892
1.221, 0.049, -0.501
1.270, 0.199, -0.384
1.275, -0.030, -0.182
1.160, -0.143, -0.305
1.175, -0.187, -0.264
1.054, -0.161, -0.476
0.945, -0.262, -0.671
1.163, -0.607, -0.655
1.000, -0.456, -0.764
0.977, -0.069, -0.942
1.038, -0.006, -1.001
0.984, -0.015, -0.904
0.950, -0.013, -0.745
0.861, -0.062, -0.775
0.869, -0.047, -0.847
0.771, -0.032, -1.006
0.790, -0.136, -1.053
0.761, -0.361, -0.912
0.826, -0.269, -0.662
0.544, -0.204, -0.512
0.364, -0.189, -1.158
0.332, -0.768, -1.611
0.305, -0.468, -1.820
0.284, -0.110, -1.857
0.141, 0.047, -1.769
0.125, 0.178, -1.448
-0.042, -0.098, -1.070
-0.036, -0.289, -1.116
-0.093, -0.086, -1.337
-0.289, -0.035, -1.619
-0.371, -0.084, -1.687
-0.372, -0.147, -1.800
-0.420, 0.049, -1.904
-0.565, -0.003, -1.882
-0.656, -0.231, -1.731
-0.578, -0.257, -1.675
-0.734, -0.086, -1.298
-0.842, -0.191, -1.497
-0.704, -0.262, -1.673
-0.921, -0.241, -1.630
-0.896, -0.403, -1.641
-0.978, -0.190, -1.393
-1.161, -0.076, -1.216
-1.247, -0.276, -1.243
-1.321, -0.647, -1.406
-1.280, -0.718, -1.503
-1.507, -0.463, -1.417
-1.450, -0.436, -1.347
-1.399, -0.675, -1.250
-1.416, -1.085, -1.155
-1.427, -1.281, -1.041
-1.517, -1.121, -0.927
-1.681, -1.041, -0.848
-1.476, -1.248, -0.865
-1.549, -1.258, -0.792
-1.360, -1.285, -0.652
-1.349, -1.027, -0.547
-1.295, -1.136, -0.473
-1.008, -1.184, -0.410
-0.986, -1.362, -0.308
-0.916, -1.569, -0.233
-0.827, -1.796, -0.115
-0.875, -1.843, 0.044
-0.786, -1.546, 0.183
-0.655, -1.350, 0.195
-0.624, -1.255, 0.175
-0.528, -1.435, -0.020
-0.441, -1.989, 1.158
-0.414, -1.840, 0.237
-0.353, -1.831, 0.015
-0.468, -2.540, 1.152
-0.501, -1.941, 0.352
-0.359, -2.052, 0.297
-0.179, -2.233, 0.830
-0.011, -2.325, 0.629
-0.016, -1.610, -0.181
0.226, -1.351, 0.545
0.295, -1.335, 0.758
0.471, -1.321, 0.467
0.466, -1.432, 0.527
0.526, -1.373, 0.871
0.560, -1.469, 0.886
0.741, -1.862, 0.615
0.766, -1.623, 0.318
0.831, -0.928, 0.181
0.958, -1.008, 0.157
0.900, -1.223, 0.268
0.956, -0.912, 0.778
0.957, -0.653, 0.860
1.027, -0.906, 0.859
0.933, -1.027, 0.936
0.900, -0.772, 1.101
0.902, -0.492, 1.124
0.916, -0.642, 0.902
0.912, -0.513, 1.112
0.687, -0.287, 1.222
0.693, -0.429, 1.150
0.511, -0.235, 1.389
0.406, -0.190, 1.460
0.255, -0.265, 1.732
0.170, -0.129, 2.005
0.172, -0.105, 1.968
0.097, 0.012, 2.099
0.070, 0.230, 1.841
-0.095, 0.278, 1.688
-0.011, 0.266, 1.580
-0.248, 0.320, 1.711
-0.212, 0.044, 1.595
-0.433, 0.456, 1.781
-0.572, 0.901, 2.011
-0.532, 0.606, 1.870
-0.631, 0.536, 1.987
-0.718, 0.602, 1.895
-0.717, 0.292, 1.904
-0.810, 0.816, 1.801
-0.876, 0.012, 1.614
-0.846, 0.286, 1.743
-1.015, 0.262, 1.861
-1.056, 0.409, 1.584
-1.256, 0.637, 1.103
-1.347, 0.233, 0.983
-1.433, 0.101, 1.130
-1.642, 0.123, 1.054
-1.874, 0.405, 1.308
-1.713, -0.316, 0.642
-1.881, -0.269, 0.279
-2.216, -0.087, 0.343
-2.268, -0.063, 0.565
-2.233, -0.076, 0.648
-2.607, 0.081, 0.779
-2.021, 0.137, 0.545
-1.682, 0.127, 0.150
-2.352, 0.123, -0.121
-1.844, -0.051, -0.523
-1.342, -0.450, -1.111
-2.265, -0.266, -1.012
-1.942, -0.531, -0.988
-1.524, -0.668, -1.143
-1.881, -0.598, -1.034
-1.385, -0.633, -1.134
-1.372, -0.519, -1.164
-1.374, -0.544, -1.102
-0.988, -0.579, -1.283
-0.994, -0.338, -1.471
-0.968, -0.342, -1.734
-0.710, -0.413, -1.905
-0.641, -0.502, -1.692
-0.507, -0.533, -1.471
-0.374, -0.602, -1.259
-0.122, -0.628, -1.526
-0.128, -0.558, -1.527
-0.048, -0.686, -1.160
-0.046, -0.622, -1.007
0.008, -0.807, -0.969
0.179, -1.224, -1.302
-0.067, -1.389, -1.621
-0.005, -1.917, -1.556
-0.073, -1.755, -1.634
-0.171, -1.398, -1.451
0.127, -1.095, -1.494
-0.005, -0.763, -1.373
0.153, -0.793, -0.814
0.402, -1.268, -0.411
0.442, -1.613, -0.218
0.473, -1.674, -0.200
0.655, -1.775, -0.255
0.542, -1.812, -0.008
0.435, -1.727, 0.434
0.495, -2.074, 0.226
0.567, -2.161, 0.051
0.398, -1.274, 0.270
0.280, -1.067, 0.707
0.623, -1.657, 0.952
0.543, -2.088, 0.661
0.539, -1.678, 0.717
0.441, -2.618, 0.237
0.507, -0.794, 1.190
0.511, -0.798, 1.328
0.697, -1.316, 1.135
0.609, -1.029, 1.269
0.439, -0.618, 1.588
0.571, -0.831, 1.216
0.411, -0.554, 1.497
0.468, -1.253, 1.820
0.361, -0.173, 1.457
0.415, 0.172, 1.608
0.469, 0.312, 1.635
0.351, 0.021, 1.521
0.197, 0.068, 1.841
0.132, 0.223, 2.259
0.280, 0.415, 2.131
0.140, 0.295, 1.553
0.039, 0.886, 2.205
0.059, 0.832, 2.085
0.106, 1.114, 1.570
0.135, 0.910, 1.100
-0.082, 1.327, 1.330
-0.352, 1.536, 2.041
-0.132, 1.418, 1.901
-0.049, 0.606, 0.777
-0.131, 1.013, 1.529
-0.190, 1.800, 1.937
-0.114, 1.402, 1.650
-0.139, 1.293, 1.288
-0.228, 1.743, 1.469
-0.197, 2.044, 1.812
-0.180, 1.095, 1.338
-0.022, 0.007, 1.505
0.422, -0.126, 1.153
0.134, 0.841, 0.673
0.092, 1.598, 1.235
-0.076, 1.719, 1.110
-0.047, 1.587, 1.244
-0.161, 1.047, 1.047
-0.090, 1.289, 1.292
-0.204, 1.469, 1.029
-0.365, 1.891, 1.106
-0.473, 1.760, 1.297
-0.530, 1.870, 1.023
-0.433, 1.842, 1.078
-0.441, 1.642, 0.925
-0.379, 1.426, 1.158
-0.350, 1.498, 0.551
-0.236, 2.087, 0.277
-0.396, 2.015, 0.349
-0.454, 2.071, 0.708
-0.325, 1.877, 0.675
-0.278, 1.609, 0.331
-0.171, 1.639, -0.154
-0.327, 2.022, -0.343
-0.012, 1.936, -0.335
-0.290, 1.812, -0.316
0.018, 1.870, -0.085
0.212, 1.386, -0.465
0.010, 1.373, -0.904
0.189, 1.633, -0.697
0.111, 1.682, -0.424
0.200, 1.688, -0.309
0.410, 1.205, -0.676
0.511, 0.550, -0.911
0.497, 0.779, -1.013
0.679, 0.863, -0.967
0.483, 1.064, -0.895
0.648, 0.662, -1.051
0.767, 0.272, -1.134
0.703, 0.505, -1.028
0.824, 0.558, -0.912
0.802, 0.400, -0.811
0.889, 0.366, -0.729
0.991, 0.434, -0.608
0.967, 0.054, -0.635
1.003, 0.113, -0.608
1.120, 0.050, -0.776
1.125, 0.055, -0.691
1.091, -0.008, -0.662
1.118, -0.096, -0.579
1.193, -0.084, -0.561
1.182, -0.243, -0.497
1.156, 0.149, 0.909
1.469, -0.729, -0.216
1.373, -0.461, -0.819
1.337, -0.364, -0.502
1.407, -0.779, -0.603
1.437, -0.491, -0.442
1.340, -0.451, -0.030
1.368, -0.248, 0.274
1.407, -0.547, 0.087
1.324, -0.462, 0.360
1.281, -0.023, 0.037
1.243, -0.047, 0.365
1.472, -0.295, 0.392
1.432, -0.286, 0.478
1.422, 0.096, 0.350
1.213, 0.163, 0.487
1.209, 0.014, 0.535
0.969, 0.143, 0.700
1.185, 0.100, 0.955
1.212, -0.018, 1.264
1.228, -0.132, 0.825
1.042, -0.103, 0.611
0.688, -0.176, 0.721
0.853, -0.299, 1.161
0.770, -0.521, 1.308
0.622, -0.864, 1.353
0.650, -1.082, 1.551
0.539, -0.613, 1.171
0.276, -0.631, 1.140
0.227, -0.479, 1.342
0.091, -0.360, 1.303
-0.017, -0.744, 1.618
-0.046, -0.492, 1.634
-0.198, -0.538, 1.486
-0.325, -0.589, 1.593
-0.555, -0.928, 1.702
-0.782, -0.820, 1.722
-0.901, -0.458, 1.760
-0.983, -0.689, 1.854
-1.124, -0.706, 1.763
-1.096, -0.168, 1.634
-1.139, 0.181, 1.313
-1.465, -0.147, 1.239
-1.404, -0.083, 1.305
-1.520, -0.090, 1.187
-1.591, -0.049, 0.993
-1.726, 0.038, 1.019
-1.730, 0.303, 0.963
-1.971, 0.291, 0.836
-1.924, 0.396, 0.860
-1.974, 0.566, 0.627
-2.055, 0.440, 0.468
-1.995, 0.530, 0.401
-2.042, 0.618, 0.247
-2.172, 0.282, 0.281
-2.011, 0.690, 0.379
-2.038, 0.964, 0.221
-2.093, 0.989, 0.080
-1.837, 1.198, -0.056
-2.017, 1.001, -0.226
-1.954, 1.095, -0.252
-1.895, 1.228, -0.314
-2.005, 0.936, -0.357
-1.702, 1.440, -0.443
-1.537, 1.623, -0.525
-1.458, 1.325, -0.506
-1.374, 1.474, -0.509
-1.347, 1.651, -0.420
-1.149, 1.660, -0.347
-1.055, 1.806, -0.309
-1.057, 1.809, -0.362
-0.887, 1.628, -0.458
-0.878, 1.726, -0.520
-0.804, 1.892, -0.526
-0.672, 1.849, -0.324
-0.602, 1.890, -0.408
-0.659, 1.842, -0.465
-0.600, 1.727, -0.490
-0.491, 1.519, -0.447
-0.476, 1.531, -0.470
-0.305, 1.657, -0.395
-0.328, 1.765, -0.231
-0.306, 1.785, 0.061
-0.367, 1.862, 0.163
-0.224, 1.968, 0.117
-0.170, 1.974, -0.026
-0.134, 1.815, -0.072
-0.007, 1.554, 0.081
-0.013, 1.438, 0.153
0.166, 1.424, 0.141
0.165, 1.452, 0.033
0.213, 1.464, -0.057
0.152, 1.349, -0.172
0.111, 1.498, 0.042
0.214, 1.574, 0.112
0.180, 1.518, -0.115
0.138, 1.582, -0.025
-0.118, 2.072, 0.878
0.061, 1.686, -0.356
-0.016, 2.232, -0.423
0.344, 1.713, -0.274
0.549, 1.095, -0.070
0.783, 0.662, -0.024
0.678, 1.150, -0.033
0.599, 1.709, -0.246
1.068, 1.361, -0.487
0.937, 1.685, -0.443
0.948, 1.043, -0.439
1.052, 1.277, -0.217
0.989, 1.206, -0.525
1.339, 0.431, -0.344
1.221, 0.572, -0.156
1.273, 0.623, 0.092
1.272, 0.499, 0.159
1.231, 0.555, -0.139
1.180, 0.080, -0.471
1.309, -0.233, -0.337
1.095, -0.191, -0.346
1.053, -0.666, -0.224
1.068, -0.787, -0.099
0.825, -1.038, 0.011
0.945, -0.972, -0.106
0.756, -0.916, -0.172
0.853, -1.733, -0.177
0.554, -1.590, -0.426
0.802, -1.495, -0.625
0.897, -1.707, -0.275
0.485, -1.538, -0.154
0.529, -1.985, -0.242
0.592, -1.774, -0.532
0.569, -1.724, -0.462
0.376, -1.420, -0.640
0.472, -1.736, -1.012
0.586, -2.098, -0.699
0.516, -1.810, -0.466
0.830, -1.232, -0.186
0.690, -0.918, -0.140
0.875, -1.109, 0.017
0.998, -0.730, -0.279
0.960, -0.383, -0.688
0.917, -0.902, -0.546
1.210, -0.831, -0.458
1.047, -0.184, -0.681
0.894, -0.407, -0.504
1.172, -0.880, -0.474
0.958, 0.089, -0.407
0.605, 0.290, -0.810
0.840, 0.252, -1.118
0.638, 0.344, -1.438
0.792, 0.066, -1.377
0.519, 0.544, -1.599
0.324, 0.479, -1.107
0.262, 0.383, -0.877
0.126, 0.377, -0.873
-0.014, 0.424, -1.114
-0.016, 0.614, -1.449
-0.259, 0.737, -1.643
-0.299, 0.414, -1.767
-0.442, 0.388, -1.591
-0.443, 0.302, -1.606
-0.568, 0.169, -1.540
-0.741, 0.031, -1.718
-0.797, 0.097, -1.535
-0.962, 0.352, -1.617
-0.987, 0.200, -1.329
-1.075, 0.254, -1.309
-1.085, -0.052, -1.626
-1.162, -0.075, -1.625
-1.343, -0.113, -1.515
-1.256, -0.194, -1.209
-1.463, -0.114, -1.340
-1.480, -0.301, -1.589
-1.474, -0.275, -1.495
-1.506, -0.254, -1.419
-1.521, -0.119, -0.754
-1.539, -0.551, -1.402
-1.343, -0.688, -1.290
-1.622, -1.949, -0.113
-1.391, -0.390, -1.365
-1.668, -0.490, -0.776
-1.590, -0.841, -0.908
-1.414, -1.137, -0.967
-1.351, -0.832, -0.882
-1.321, -0.810, -0.640
-1.286, -1.315, -0.832
-1.068, -1.054, -0.982
-1.256, -0.916, -0.623
-1.074, -1.482, -0.526
-0.953, -1.623, -0.483
-1.123, -1.755, -0.464
-0.956, -1.945, -0.245
-0.948, -1.688, -0.091
-0.810, -1.742, -0.219
-0.839, -1.480, -0.230
-0.696, -1.403, -0.157
-0.586, -1.462, 0.020
-0.456, -1.628, 0.141
-0.287, -1.715, 0.345
-0.310, -1.751, 0.317
-0.278, -1.721, 0.394
-0.105, -1.683, 0.527
-0.234, -1.885, 0.426
-0.117, -1.540, 0.745
-0.047, -1.636, 0.625
-0.071, -1.609, 0.535
0.013, -1.574, 0.707
0.112, -1.456, 0.810
-0.087, -1.640, 0.786
0.177, -1.642, 0.790
0.145, -1.513, 0.816
0.136, -1.563, 0.945
0.209, -1.339, 1.168
0.109, -1.047, 1.529
0.207, -1.332, 1.291
0.245, -1.489, 1.028
0.239, -1.337, 0.988
0.219, -1.217, 1.207
0.236, -1.274, 1.225
0.283, -1.048, 0.682
0.245, -1.411, 1.675
0.181, -1.409, 1.909
0.236, -1.033, 1.482
0.179, -1.011, 1.483
0.201, -1.155, 1.394
0.338, -1.112, 1.398
0.296, -0.696, 1.535
0.519, -0.854, 1.351
0.581, -0.811, 1.186
0.620, -0.709, 1.294
0.540, -0.736, 1.536
0.624, -0.765, 1.949
0.684, -0.674, 1.976
0.593, -0.530, 1.963
0.674, -0.541, 1.546
0.788, -0.682, 1.341
0.827, -0.632, 1.234
0.900, -0.728, 0.847
1.113, -0.931, 0.947
1.175, -0.605, 0.895
1.221, -0.130, 1.087
1.227, 0.261, 1.140
1.171, 0.311, 1.185
1.180, 0.045, 1.096
1.237, -0.510, 0.884
1.262, -0.782, 0.772
1.340, -0.593, 0.441
1.281, -0.183, 0.661
1.207, 0.121, 0.543
1.244, -0.210, 0.309
1.319, -0.489, 0.289
1.195, -0.107, 0.217
1.076, 0.142, -0.133
1.056, 0.122, -0.508
1.162, 0.065, -0.642
1.164, 0.007, -0.517
1.104, -0.045, -0.408
1.079, 0.088, -0.425
0.954, 0.072, -0.498
0.981, 0.020, -0.613
0.938, 0.261, -0.799
0.864, 0.443, -1.109
0.880, 0.601, -1.261
0.802, 0.705, -1.248
0.888, 0.413, -1.239
0.896, 0.261, -0.977
0.878, 0.236, -0.759
0.920, 0.255, -0.720
0.858, 0.671, -0.910
0.817, 0.747, -1.179
0.882, 0.462, -1.364
0.951, 0.224, -1.287
1.010, 0.204, -0.922
0.989, 0.362, -0.636
1.119, 0.249, -0.282
1.081, 0.468, -0.011
1.146, 0.278, 0.049
1.182, 0.111, 0.162
1.173, 0.060, 0.001
1.228, -0.055, -0.033
1.253, -0.098, 0.015
1.290, -0.023, -0.202
1.313, -0.030, -0.140
1.306, 0.254, -0.016
1.392, -0.034, 0.113
1.394, -0.389, 0.343
1.344, -0.757, 0.375
1.399, -0.321, -0.360
1.307, -0.292, 0.158
1.261, -0.261, 0.682
1.165, -0.285, 0.518
1.271, -0.394, 0.259
1.113, -0.719, 0.133
1.079, -0.922, 0.137
1.088, -0.991, 0.270
1.163, -1.132, 0.216
1.043, -1.259, -0.278
1.150, -1.307, -0.581
0.987, -1.390, -0.617
0.979, -1.030, -0.173
0.842, -0.876, 0.018
0.596, -1.119, -0.376
0.358, -1.129, -0.693
0.588, -1.172, -0.717
0.180, -1.957, -1.165
0.112, -1.621, -1.121
0.040, -0.876, -0.724
-0.333, -0.934, -0.836
-0.531, -1.149, -1.158
-0.552, -1.521, -1.420
-0.622, -1.914, -1.614
-0.676, -1.635, -1.420
-0.758, -1.046, -1.113
-0.973, -0.878, -1.029
-0.971, -0.952, -1.098
-1.057, -1.192, -1.035
-1.127, -1.218, -0.845
-1.222, -1.332, -1.038
-1.268, -1.046, -1.140
-1.278, -0.898, -0.978
-1.287, -1.137, -0.841
-1.271, -1.171, -0.583
-1.330, -1.233, -0.586
-1.499, -1.299, -0.323
-1.550, -0.915, -0.771
-1.720, -0.599, -0.795
-1.552, -0.740, -0.121
-1.553, -0.667, -0.656
-1.580, -0.805, -0.481
-1.833, -0.852, 0.032
-1.927, -0.474, 0.019
-2.120, -0.080, -0.107
-2.016, -0.203, -0.059
-1.989, -0.360, 0.105
-2.059, -0.175, -0.018
-2.170, -0.022, -0.131
-1.706, 0.014, 0.034
-2.115, 0.370, 0.226
-1.956, 0.350, 0.848
-1.923, 0.521, -0.218
-1.984, 0.054, 0.122
-1.728, -0.474, 1.591
-1.992, -0.348, 1.704
-1.785, 0.188, 0.731
-1.757, 0.733, 0.300
-1.688, 0.688, 0.823
-1.600, 0.029, 1.506
-1.388, -0.328, 1.681
-1.422, -0.008, 1.825
-1.361, 0.217, 1.665
-1.496, 0.523, 2.156
-1.438, 0.075, 1.850
-0.907, -0.378, 1.646
-0.570, -0.442, 1.424
-0.513, -0.324, 1.257
-0.228, -0.316, 1.323
0.035, -0.326, 1.272
0.257, -0.815, 1.214
0.204, -0.580, 1.609
0.324, -1.024, 1.481
0.464, -1.765, 1.303
0.378, -0.054, 2.268
0.299, -1.052, 1.739
0.443, -0.934, 1.194
0.473, -0.676, 1.098
0.520, -0.985, 1.382
0.702, -1.596, 1.449
0.622, -1.833, 1.192
0.595, -1.615, 1.124
0.563, -0.990, 0.772
0.656, -0.825, 0.633
0.702, -1.191, 0.651
0.751, -1.295, 0.422
0.745, -1.463, 0.298
0.772, -1.280, 0.221
0.899, -1.895, 0.542
0.825, -1.322, 0.228
0.802, -1.204, -0.345
0.783, -0.948, -0.697
0.834, -1.296, -0.530
0.811, -1.297, -0.617
0.737, -0.677, -0.838
0.685, -1.068, -1.347
0.826, -1.316, -1.770
0.730, -0.615, -0.967
0.706, -0.225, -0.512
0.647, -0.261, -1.041
0.614, -0.471, -1.474
0.646, -0.445, -1.328
0.486, 0.446, -1.647
0.606, -0.251, -1.203
0.592, 0.035, -1.205
0.548, -0.055, -1.388
0.529, 0.047, -1.437
0.701, -0.033, -1.313
0.573, 0.229, -1.206
0.479, 0.294, -1.281
0.657, -0.021, -1.180
0.741, 0.260, -1.071
0.584, 0.396, -0.951
0.707, 0.263, -1.074
0.586, 0.506, -1.256
0.611, 0.641, -1.442
0.493, 0.312, -1.098
0.376, 0.342, -0.873
0.256, 1.931, -0.393
0.513, 0.990, -0.205
0.477, 1.072, -0.425
0.460, 1.235, -0.697
0.512, 1.192, -0.597
0.345, 1.320, -0.373
0.294, 1.702, -0.295
0.146, 2.014, -0.090
0.217, 1.720, -0.095
0.308, 1.447, -0.097
0.151, 1.502, 0.136
0.004, 1.755, 0.085
0.374, 1.888, 0.393
0.077, 1.903, 0.431
0.080, 1.721, 0.719
0.303, 1.530, 0.814
0.290, 1.590, 0.952
0.153, 1.455, 0.730
0.275, 1.214, 0.958
0.173, 1.394, 1.102
0.034, 1.279, 1.071
0.261, 0.945, 1.511
-0.035, 1.142, 1.438
-0.196, 0.743, 1.285
0.055, 0.215, 1.974
-0.338, 0.609, 1.815
-0.455, 0.780, 1.676
-0.191, 0.484, 2.316
-0.607, 0.620, 2.175
-0.552, 0.675, 1.173
-0.435, -0.243, 1.296
-0.773, -0.092, 2.201
-0.960, 0.481, 1.475
-0.795, -0.164, 1.442
-0.981, -0.389, 2.276
-1.116, 0.390, 1.411
-0.972, -0.228, 1.385
-1.269, 0.281, 2.176
-1.352, 0.158, 1.200
-1.267, -0.296, 1.037
-1.334, 0.003, 1.754
-1.574, 0.367, 1.308
-1.512, 0.149, 1.064
-1.532, 0.077, 1.123
-1.545, -0.163, 1.307
-1.673, 0.443, 1.239
-1.876, 0.518, 0.688
-1.893, 0.169, 0.614
-1.846, -0.205, 0.626
-1.936, -0.018, 0.991
-1.931, 0.080, 0.815
-1.942, -0.038, 0.613
-1.759, -0.381, 0.552
-1.838, 0.037, 0.672
-1.876, 0.262, 0.344
-1.997, 0.427, 0.336
-2.033, 0.351, 0.455
-2.034, 0.212, 0.339
-1.862, -0.148, 0.210
-1.889, 0.207, 0.066
-2.059, 0.666, 0.159
-2.084, 0.485, -0.193
-2.082, 0.183, -0.397
-2.135, 0.286, 0.103
-2.026, 0.172, -0.266
-1.893, -0.045, -0.752
-1.881, -0.126, -0.433
-1.943, 0.193, -0.498
-1.939, 0.327, -0.539
-1.894, 0.349, -0.987
-1.896, 0.195, -0.994
-1.904, 0.299, -0.686
-1.785, 0.171, -1.191
-1.723, 0.080, -1.379
-1.687, 0.269, -1.129
-1.583, 0.294, -1.146
-1.411, 0.227, -1.551
-1.142, -0.028, -1.666
-1.217, 0.099, -1.712
-1.048, 0.167, -1.528
-0.840, -0.051, -1.668
-0.647, -0.135, -1.772
-0.580, 0.116, -1.515
-0.203, -0.328, -1.171
-0.204, -0.121, -1.600
0.092, -0.456, -1.281
0.254, -0.295, -1.263
0.406, -0.275, -1.520
0.385, -0.198, -1.673
0.546, -0.559, -1.536
0.721, -0.666, -1.002
0.645, -0.120, -1.130
0.777, 0.072, -1.449
0.908, -0.186, -0.984
0.867, 0.098, -0.791
0.979, 0.059, -0.921
1.169, -0.193, -0.680
1.155, -0.140, -0.639
1.135, 0.038, -0.470
1.213, 0.140, -0.309
1.268, 0.029, -0.414
1.157, 0.123, -0.446
1.187, 0.270, 0.097
1.226, 0.213, 0.102
1.178, 0.381, 0.480
1.229, 0.323, 0.499
1.309, 0.228, 0.293
1.266, 0.144, 0.338
1.115, 0.475, 0.270
1.125, 0.862, 0.370
1.161, 0.556, 0.459
1.201, 0.271, 0.531
1.205, 0.257, 0.393
1.188, 0.530, 0.496
1.083, 0.523, 0.309
1.084, 0.300, 0.122
1.064, 0.347, 0.005
0.638, 1.150, 0.275
0.675, 1.722, 0.131
0.749, 1.571, -0.046
0.615, 1.473, -0.169
0.608, 1.405, -0.244
0.691, 1.631, -0.039
0.518, 1.678, -0.048
0.612, 1.243, 0.153
0.674, 1.261, 0.366
0.648, 1.270, 0.519
0.651, 1.196, 0.286
0.629, 1.105, 0.086
0.522, 1.149, -0.088
0.534, 1.280, -0.191
0.334, 1.459, -0.195
0.358, 1.456, -0.310
0.276, 1.331, -0.531
0.342, 1.177, -0.750
0.200, 1.323, -0.653
0.394, 1.074, -0.930
0.284, 1.188, -1.015
0.436, 1.199, -1.115
0.320, 1.168, -0.753
0.511, 1.159, -0.663
0.402, 1.162, -0.611
0.486, 1.140, -0.733
0.505, 1.139, -0.437
0.370, 1.363, -0.578
0.512, 1.189, -0.536
0.521, 0.960, -0.753
0.517, 1.263, -0.374
0.595, 1.217, -0.434
0.625, 1.146, -0.376
0.403, 1.176, -0.471
0.474, 1.495, -0.326
0.632, 1.327, -0.052
0.601, 1.229, -0.049
0.607, 1.399, -0.211
0.551, 1.318, -0.302
0.558, 1.171, -0.318
0.506, 1.274, -0.227
0.447, 1.436, -0.153
0.424, 1.529, -0.073
